		< 순서대로 높은 순위 입니다.>
		// 광땡 족보
		  3광8광, 8광3광
		  1광3광, 3광1광, 1광8광, 8광1광

		// 땡 족보
		  10 10
		  9 9
		  8광 8, 8 8광, 8 8
		  7 7
		  6 6
		  5 5
		  4 4 
		  3광 3, 3 3광, 3 3
		  2 2 
		  1광 1, 1 1광, 1 1

		//알리
		  1광 2, 1 2  
		//독사
		  1광 4, 1 4
		//구삥
		  1광 9, 1 9
		//장삥
		  1광 10, 1 10
		//장사
		  4 10
		//세륙
		  4 6

		//갑오
		  1광 8, 8 1광, 1 8, 8 1
		  2 7, 7 2
		  3광 6, 6 3광 3 6, 6 3 
		  4 5, 1 9, 5 4, 
		  10 9 , 1 9 , 9 10  

		//8끗
	    	  1광7 , 7 1광 , 1 7 , 7 1 
		  2 6 ,  6 2 
		  3광5 , 53광 , 3 5 ,  5 3 
		  8광 10, 10 8광, 10 8,  8 10
		//7끗
		  1광 6,  6 1광,  1 6,  6 1 
		  2 5,   5 2 
		  3광 4, 4 3광, 3 4,  4 3 
		  8광 9, 9 8광, 9 8 , 8 9 
		  7 10 ,10 7
		//6끗
		  1광 5, 5 1광, 1 5,  5 1 
		  2 4 ,  4 2  
		  7 9 ,  9 7 
		  6 10, 10 6 
		//5끗
		  4 1광 , 4 1 
		  2 3 , 3 2  
		  7 8광, 8광 7, 7 8 , 8 7  
		  6 9 , 9 6  
		  5 10, 10 5  
		//4끗
		  1광 3, 3 1광 , 1 3, 3 1 
		  8광 6 , 6 8광 , 8 6, 6 8 
		  9 5, 5 9  
		  10 4   
		//3끗
		  1광 2, 2 1광, 1 2, 2 1 
		  7 6, 6 7  
		  8광 5 , 5 8광 , 8 5, 5 8  
		  10 3광, 3광 10, 10 3, 3 10 
		//2끗
		  7 5,  5 7  
		  8광 4, 4 8광, 8 4 ,4 8 
		  9 3광, 3광 9, 9 3, 3 9  
		  10 2, 2 10 
		//1끗
		  5 6 ,   6 5  
		  4 7 ,   7 4 
		  3 8 ,   8 3,  3광 8 ,  8 3광  
		  3 8광   8광 3  
		  9 2 ,    2 9    
		  10 1,   10 1광  
		//망통
		  64   
		  7 3 , 3 7, 7 3광,   3광 7 
		  8 2 , 2 8, 8광 2,  2 8광   
		  9 1,  9 1광    

		//구사 : 게임 재시작
		  4 9 ,9 4 